2.161034e+01
9.390117e+00
2.886854e+01
2.674107e+01
2.405258e+01
3.852630e+01
1.444497e+01
2.714997e+01
2.451523e+01
2.899113e+01
4.060507e+01
3.158284e+01
1.547965e+01
3.322908e+01
5.317253e+01
3.927803e+01
2.047537e+01
1.322014e+01
2.679390e+01
1.669003e+01
1.572869e+01
3.967886e+01
1.934621e+01
5.595954e+00
1.214103e+01
2.394011e+01
1.383147e+01
1.316004e+01
4.076341e+00
1.663229e+01
1.365601e+01
2.387009e-07
1.449799e+01
1.275705e+01
1.348674e+01
1.963879e+01
3.842736e+01
1.821245e+01
3.277434e+01
1.924090e+01
1.170753e+01
1.802765e+01
1.830055e+01
3.467147e+01
4.429195e+01
2.558945e+01
4.174400e+01
1.906690e+01
1.631901e+01
3.320181e+01
2.121979e+01
1.781964e+01
2.229563e+01
1.384995e+01
3.453614e+01
1.265431e+01
4.652240e+01
2.523185e+01
1.730730e+01
1.742734e+01
2.318986e+01
1.136787e+01
2.377472e+01
2.861797e+01
2.366408e+01
3.181363e+01
2.885317e+01
1.929456e+01
2.584292e+01
7.920761e+00
1.937529e+01
8.762408e+00
1.408499e-07
1.041006e+01
3.215371e+00
5.237232e+01
1.857310e+01
8.302526e+00
3.642602e+01
3.951919e+01
2.762583e+01
1.263607e+01
1.947744e+01
1.637824e+01
4.660979e+00
2.857710e+01
2.212245e+01
3.851354e+01
2.145563e+01
1.532232e+01
1.781239e+01
1.811488e+01
1.974328e+01
1.381173e+01
9.605613e+00
2.585105e+01
2.694731e+01
1.425539e+01
5.202048e+00
4.150510e+00
2.276832e+01
1.971332e+01
1.418149e+01
2.033627e+01
1.321948e+01
4.298775e+00
1.333966e+01
2.550926e+01
1.518828e+01
1.189841e+01
1.084647e+01
5.434701e+00
2.552261e+01
1.073709e+01
1.410183e+01
1.299109e+01
1.335746e+01
1.105403e+01
9.389445e+00
4.660404e+00
7.585471e+00
9.312083e+00
6.308091e+00
9.975857e+00
1.680552e+01
7.216813e+00
1.024314e+01
6.605859e+00
1.150471e+01
1.412568e+01
7.891935e+00
1.700482e+01
8.996459e+00
1.252887e+01
8.337640e+00
4.612131e+00
6.595511e+00
1.632750e+01
4.212332e+00
7.312082e+00
4.043510e+01
1.140473e+01
2.927978e+01
