9.157020e-01 0.000000e+00 0.000000e+00
3.955367e-01 0.000000e+00 0.000000e+00
5.393355e-01 1.345695e-01 0.000000e+00
5.334888e-01 1.961684e-01 2.170315e-02
9.491237e-01 0.000000e+00 0.000000e+00
7.931974e-01 1.063671e-01 8.188586e-03
4.910778e-01 4.100197e-01 0.000000e+00
2.278905e-01 1.770778e-01 0.000000e+00
9.242154e-01 1.762735e-01 0.000000e+00
1.570330e-01 3.145615e-01 5.767726e-02
3.018392e-02 4.064053e-01 4.265860e-02
2.451731e-02 3.839134e-01 1.281675e-02
7.858306e-02 4.064608e-01 3.584703e-02
0.000000e+00 6.853073e-01 0.000000e+00
6.071214e-02 2.829183e-01 0.000000e+00
4.769298e-03 2.192310e-01 1.234950e-03
1.167355e-01 6.464952e-01 5.200066e-02
0.000000e+00 3.664105e-01 2.442963e-01
0.000000e+00 3.839116e-01 1.199316e-01
1.000885e-02 4.779085e-01 1.495417e-01
0.000000e+00 1.494151e-01 2.315156e-01
0.000000e+00 2.829669e-02 1.439375e-01
5.757497e-02 4.635432e-04 9.764803e-02
0.000000e+00 0.000000e+00 0.000000e+00
0.000000e+00 1.681061e-01 1.982245e-01
0.000000e+00 9.907972e-02 1.594414e-01
0.000000e+00 0.000000e+00 8.246236e-01
2.153453e-02 5.076428e-02 8.685635e-01
0.000000e+00 0.000000e+00 8.948107e-01
2.380589e-03 3.726125e-02 6.696955e-01
8.238484e-02 1.175337e-02 8.725600e-01
3.051249e-01 1.976225e-01 8.234882e-02
3.496550e-02 4.124438e-02 9.589965e-01
4.973036e-02 0.000000e+00 9.856109e-01
0.000000e+00 0.000000e+00 9.665695e-01
7.126793e-01 4.802168e-02 8.015123e-02
3.442874e-01 2.598055e-01 1.012325e-02
0.000000e+00 1.795528e-01 1.956869e-01
5.322745e-01 4.422169e-02 2.313531e-03
5.730098e-01 2.614604e-01 3.518949e-02
1.910821e-01 0.000000e+00 2.183674e-01
8.539830e-01 0.000000e+00 0.000000e+00
5.504428e-01 2.986557e-02 5.097516e-01
4.260720e-01 5.018745e-02 0.000000e+00
3.153032e-03 1.355040e-01 9.386669e-04
8.477945e-02 1.042081e-01 0.000000e+00
1.767626e-02 5.851854e-02 2.994473e-02
5.862153e-03 1.397067e-01 6.182163e-01
6.016081e-01 0.000000e+00 1.998670e-01
2.604260e-01 4.952911e-02 2.278487e-02
8.826237e-01 5.038546e-02 8.640413e-02
7.078816e-01 0.000000e+00 2.958254e-02
9.347122e-01 0.000000e+00 2.761412e-03
8.136355e-01 0.000000e+00 5.859816e-03
2.285709e-01 1.249566e-01 8.480376e-03
6.382430e-01 0.000000e+00 6.125154e-02
2.281192e-02 1.345912e-01 1.083862e-02
3.759722e-01 6.738893e-01 5.440386e-02
1.772956e-01 4.177440e-01 0.000000e+00
3.475357e-01 4.003847e-01 1.628263e-02
1.823219e-02 5.276676e-01 2.544426e-02
0.000000e+00 4.754393e-01 0.000000e+00
5.626969e-02 3.152171e-01 3.562019e-02
1.292492e-01 2.946212e-01 4.541884e-02
6.112214e-01 1.626325e-01 0.000000e+00
2.013292e-03 1.642700e-01 8.770749e-02
0.000000e+00 4.150435e-01 1.084237e-01
4.474073e-03 4.983136e-01 1.863964e-01
0.000000e+00 2.791501e-01 9.336161e-02
0.000000e+00 0.000000e+00 6.825728e-02
1.677393e-02 3.350722e-02 1.831182e-01
0.000000e+00 2.153368e-02 8.799232e-01
3.228631e-01 3.790738e-01 5.448046e-02
6.499876e-02 0.000000e+00 9.883951e-01
0.000000e+00 2.493016e-01 7.340872e-01
1.970708e-01 1.143344e-01 3.937534e-02
5.738549e-01 6.422984e-02 2.990930e-03
5.365485e-01 4.511791e-01 0.000000e+00
3.678724e-01 1.513122e-01 3.640758e-03
6.715599e-02 4.538984e-01 2.577784e-02
0.000000e+00 3.012954e-01 5.148303e-02
1.314775e-02 0.000000e+00 9.879007e-01
9.645970e-01 9.337862e-02 0.000000e+00
6.784130e-01 0.000000e+00 2.220794e-02
3.995943e-01 0.000000e+00 0.000000e+00
4.761533e-01 3.914438e-02 3.281898e-02
3.210891e-01 1.232414e-01 0.000000e+00
1.025689e-01 4.858181e-02 0.000000e+00
2.497499e-01 7.666835e-02 4.093005e-02
4.542156e-01 4.461951e-01 0.000000e+00
9.000315e-03 4.249491e-01 0.000000e+00
0.000000e+00 5.759544e-01 9.624781e-04
0.000000e+00 9.594536e-01 0.000000e+00
8.779442e-03 7.630762e-01 0.000000e+00
0.000000e+00 5.811613e-01 1.527971e-01
3.290032e-02 2.058334e-01 5.236791e-02
4.405669e-02 2.997918e-01 1.632188e-01
4.698449e-02 0.000000e+00 7.713176e-01
1.660668e-01 0.000000e+00 6.942772e-01
8.643312e-01 0.000000e+00 0.000000e+00
4.538258e-01 1.234313e-01 0.000000e+00
1.077879e-01 0.000000e+00 0.000000e+00
8.113348e-01 4.401656e-01 6.963310e-02
7.180410e-02 3.094604e-01 3.220447e-02
8.375581e-01 6.458260e-02 0.000000e+00
1.804318e-06 4.777593e-01 3.067844e-01
2.192790e-01 2.635938e-01 9.030252e-02
6.192706e-03 8.697722e-02 3.541408e-02
0.000000e+00 5.858405e-01 0.000000e+00
1.676438e-01 2.943449e-01 3.374927e-02
0.000000e+00 4.958403e-01 0.000000e+00
0.000000e+00 0.000000e+00 2.859444e-01
0.000000e+00 2.625152e-01 2.480452e-01
0.000000e+00 5.999794e-01 1.713362e-01
3.529527e-02 2.962755e-01 1.506741e-01
0.000000e+00 2.461542e-01 3.044208e-01
0.000000e+00 3.336064e-01 5.105107e-01
4.816677e-02 3.029850e-02 4.002909e-01
2.339440e-02 1.243382e-01 8.898962e-01
1.627110e-01 0.000000e+00 6.655491e-01
0.000000e+00 0.000000e+00 9.574153e-01
3.424103e-01 8.822229e-02 8.498439e-01
3.420435e-02 1.052925e-01 9.020284e-01
7.648852e-02 0.000000e+00 9.703439e-01
9.462640e-01 2.299304e-02 0.000000e+00
6.828011e-01 0.000000e+00 0.000000e+00
2.720908e-02 2.871101e-02 9.777496e-01
1.132630e-01 9.436379e-02 9.295625e-01
8.137531e-01 0.000000e+00 4.018359e-02
7.927369e-01 0.000000e+00 3.176413e-01
2.024433e-01 2.548126e-01 2.201063e-01
5.051434e-03 1.456389e-01 2.139558e-01
1.051810e-02 6.999950e-02 4.863238e-01
6.069116e-02 0.000000e+00 8.269869e-01
2.515832e-02 1.713657e-02 9.682322e-01
0.000000e+00 0.000000e+00 9.208655e-01
0.000000e+00 0.000000e+00 7.706302e-01
5.560472e-05 6.102145e-01 7.442571e-02
0.000000e+00 8.280999e-02 9.561635e-01
1.806030e-01 8.918552e-02 9.139687e-01
1.174058e-01 2.003368e-01 0.000000e+00
1.643794e-01 6.679644e-01 0.000000e+00
1.455018e-02 1.392984e-01 2.254050e-01
