7.406229e-01
3.288066e-01
0.000000e+00
5.561869e-02
0.000000e+00
0.000000e+00
1.452924e-01
3.626916e-02
0.000000e+00
4.221680e-02
1.000752e-01
0.000000e+00
1.000943e-01
0.000000e+00
0.000000e+00
2.039229e-02
0.000000e+00
6.477386e-01
0.000000e+00
6.940143e-02
6.034063e-02
1.098177e-01
1.185220e-01
9.004267e-01
7.736078e-02
8.817087e-02
6.365314e-03
0.000000e+00
1.849029e-01
0.000000e+00
0.000000e+00
5.952469e-01
0.000000e+00
0.000000e+00
2.088193e-02
9.756864e-02
1.219525e-01
7.773681e-02
0.000000e+00
1.153908e-01
1.379285e-01
0.000000e+00
9.745793e-02
0.000000e+00
6.074427e-02
9.852471e-02
6.829426e-02
1.118346e-01
1.720800e-01
1.919513e-02
1.168482e-01
5.548764e-02
4.243097e-02
1.336589e-01
7.380830e-02
1.939402e-01
1.114099e-01
3.820186e-02
5.931386e-02
2.493327e-02
3.367065e-02
7.093229e-01
6.335704e-02
5.350832e-02
0.000000e+00
8.190474e-02
0.000000e+00
0.000000e+00
4.005663e-02
4.782127e-01
8.514854e-02
0.000000e+00
3.279102e-01
0.000000e+00
2.368841e-01
3.941481e-02
1.164001e-01
5.434237e-02
8.044227e-02
0.000000e+00
7.984704e-03
0.000000e+00
0.000000e+00
8.052056e-02
1.492362e-01
3.065184e-02
6.878034e-02
1.115235e-01
1.564755e-01
0.000000e+00
1.252979e-01
6.404151e-02
0.000000e+00
0.000000e+00
1.798081e-01
3.075896e-02
3.376877e-03
5.380579e-02
1.137712e-01
1.794914e-01
1.973789e-02
2.509631e-01
9.597636e-02
1.176769e-01
4.266708e-01
1.138239e-01
4.923618e-02
1.073937e-01
1.822061e-01
9.289702e-02
1.445130e-01
2.279278e-01
1.592621e-02
0.000000e+00
0.000000e+00
0.000000e+00
3.294437e-01
5.835277e-02
0.000000e+00
1.610028e-01
2.914209e-02
5.936980e-02
3.531579e-02
5.393064e-02
1.253401e-01
1.411416e-01
0.000000e+00
5.050777e-03
2.972643e-02
3.325455e-01
4.869017e-02
3.398432e-02
1.274969e-02
0.000000e+00
4.618741e-02
1.305768e-01
1.710976e-01
1.103752e-01
9.382271e-02
3.536805e-03
2.060281e-02
1.555539e-01
4.060336e-02
