3.106139e-01
2.445064e-01
1.910070e-01
2.039817e-01
2.150571e-01
1.980447e-01
2.144314e-01
1.821918e-01
1.994838e-01
1.700531e-01
3.216376e-01
2.203536e-01
2.277228e-01
1.896990e-01
1.943550e-01
1.437049e-01
2.559856e-01
3.552483e-01
2.096539e-01
1.909017e-01
2.049425e-01
2.426618e-01
1.717051e-01
2.850986e-01
2.093841e-01
1.903060e-01
1.748947e-01
2.010143e-01
2.014171e-01
2.065712e-01
2.708698e-01
2.995369e-01
2.275209e-01
1.940973e-01
1.663475e-01
1.532972e-01
1.743320e-01
2.008220e-01
2.372433e-01
2.235216e-01
2.021844e-01
1.234413e-01
2.448162e-01
1.579613e-01
3.315508e-01
2.028101e-01
3.156680e-01
2.892187e-01
2.146949e-01
2.122027e-01
2.616190e-01
2.199067e-01
1.615709e-01
1.880237e-01
2.579746e-01
1.589133e-01
4.184259e-01
1.904352e-01
1.964117e-01
2.157986e-01
2.185463e-01
2.957013e-01
1.855941e-01
3.036970e-01
2.105109e-01
2.896975e-01
1.869582e-01
2.348499e-01
2.346624e-01
2.730624e-01
2.286282e-01
1.618147e-01
1.862110e-01
1.871381e-01
2.968756e-01
2.776588e-01
2.239338e-01
1.495017e-01
1.806071e-01
4.224480e-01
2.047171e-01
1.944095e-01
1.744368e-01
1.471698e-01
1.621135e-01
2.236855e-01
2.836695e-01
2.072739e-01
2.452888e-01
2.156392e-01
1.984331e-01
2.456445e-01
1.576959e-01
2.591703e-01
2.562006e-01
2.204737e-01
2.713547e-01
2.550269e-01
2.602585e-01
2.595256e-01
2.087959e-01
2.070216e-01
1.670618e-01
4.252298e-01
2.260749e-01
2.572467e-01
2.103876e-01
2.929544e-01
3.239099e-01
1.767052e-01
1.576530e-01
3.347074e-01
3.176713e-01
1.956933e-01
1.383148e-01
1.493182e-01
2.696975e-01
1.949156e-01
1.744036e-01
1.967526e-01
1.855419e-01
2.985976e-01
2.183258e-01
2.904467e-01
2.087141e-01
1.592280e-01
2.019789e-01
1.897292e-01
1.811934e-01
1.749496e-01
1.957857e-01
1.936483e-01
1.286516e-01
1.896804e-01
2.295066e-01
2.960436e-01
3.076285e-01
2.321072e-01
2.327354e-01
1.696708e-01
1.928846e-01
1.909125e-01
2.624827e-01
