0.000000e+00 0.000000e+00 4.775476e-02 9.225570e-02 7.860293e-02 3.396691e-03 0.000000e+00 9.153808e-03 0.000000e+00 1.207100e-01 2.403960e-02
0.000000e+00 0.000000e+00 0.000000e+00 0.000000e+00 0.000000e+00 3.087567e-03 0.000000e+00 0.000000e+00 2.199852e-01 3.277165e-01 1.135980e-01
0.000000e+00 0.000000e+00 1.167837e-02 1.145635e-02 3.513824e-03 0.000000e+00 3.279284e-02 6.058569e-02 3.142461e-01 1.639524e-01 5.788553e-02
0.000000e+00 0.000000e+00 7.796613e-03 6.819047e-03 8.384467e-03 0.000000e+00 7.593053e-03 6.555251e-02 1.963708e-01 2.825829e-01 7.762933e-02
0.000000e+00 0.000000e+00 3.781560e-03 1.603982e-02 4.941534e-03 0.000000e+00 0.000000e+00 2.003715e-02 7.326038e-02 9.900810e-02 6.292626e-02
0.000000e+00 0.000000e+00 0.000000e+00 1.762727e-02 0.000000e+00 0.000000e+00 1.609312e-02 5.130274e-03 1.153986e-01 1.787587e-01 1.451971e-01
0.000000e+00 0.000000e+00 0.000000e+00 6.623136e-02 4.754667e-03 1.922579e-01 0.000000e+00 9.217877e-02 1.738577e-01 1.623719e-01 7.457843e-03
0.000000e+00 0.000000e+00 0.000000e+00 1.469869e-02 0.000000e+00 0.000000e+00 2.260406e-02 2.589195e-02 2.092573e-01 1.594440e-01 3.322144e-01
0.000000e+00 0.000000e+00 0.000000e+00 4.494116e-04 0.000000e+00 0.000000e+00 0.000000e+00 2.122007e-03 1.162984e-01 1.733350e-03 1.699788e-02
0.000000e+00 0.000000e+00 9.719728e-02 1.109806e-01 5.181959e-02 3.765465e-02 7.320361e-02 4.616813e-02 1.666291e-01 2.336150e-01 2.335013e-01
0.000000e+00 0.000000e+00 0.000000e+00 1.494265e-02 6.002295e-02 1.479964e-01 1.154721e-01 1.447913e-01 1.926816e-01 2.073601e-01 1.538175e-01
0.000000e+00 0.000000e+00 1.103506e-02 0.000000e+00 7.657555e-03 3.111721e-02 1.781064e-02 1.024197e-01 3.142901e-01 2.241204e-01 9.221350e-02
0.000000e+00 0.000000e+00 0.000000e+00 0.000000e+00 1.469784e-02 3.914884e-04 1.580980e-01 2.464345e-01 2.624008e-01 8.115636e-02 0.000000e+00
0.000000e+00 0.000000e+00 1.446395e-03 0.000000e+00 2.003887e-02 1.462595e-01 1.751848e-01 8.599275e-02 1.973737e-01 6.210104e-02 1.425401e-02
0.000000e+00 0.000000e+00 4.323462e-03 0.000000e+00 9.655974e-03 7.910949e-03 3.227386e-02 8.041428e-02 2.424581e-01 2.883111e-01 1.801565e-01
0.000000e+00 0.000000e+00 1.986817e-02 2.051154e-02 3.612630e-02 6.995378e-02 4.680866e-02 1.471232e-01 3.642996e-01 1.610461e-01 2.324619e-02
0.000000e+00 0.000000e+00 1.481163e-02 1.773824e-02 1.702130e-02 6.740125e-02 7.024082e-02 4.420952e-02 1.456390e-01 2.596372e-01 7.365517e-02
0.000000e+00 0.000000e+00 2.730614e-02 0.000000e+00 1.174145e-03 2.625498e-02 3.905552e-01 0.000000e+00 0.000000e+00 6.061255e-03 0.000000e+00
0.000000e+00 0.000000e+00 3.242250e-02 2.061720e-01 8.130025e-02 1.152717e-01 1.139495e-01 8.683001e-02 1.061202e-01 2.099750e-01 1.593403e-01
0.000000e+00 0.000000e+00 5.111161e-02 3.206521e-01 4.785735e-02 1.912370e-01 7.410736e-03 4.798508e-02 0.000000e+00 0.000000e+00 0.000000e+00
0.000000e+00 0.000000e+00 6.736129e-02 3.540177e-01 1.184195e-01 1.948514e-01 1.666251e-02 2.790162e-02 1.563744e-02 0.000000e+00 3.814660e-03
0.000000e+00 0.000000e+00 1.237547e-01 3.964283e-01 1.489992e-01 1.809694e-02 1.157376e-02 2.313834e-03 7.086184e-03 2.658141e-08 0.000000e+00
0.000000e+00 0.000000e+00 3.382019e-01 2.271335e-01 1.361218e-01 7.356669e-02 4.755052e-02 6.219053e-02 2.167207e-02 1.012498e-02 0.000000e+00
0.000000e+00 0.000000e+00 1.418759e-01 1.403153e-01 1.046118e-01 0.000000e+00 1.533635e-01 8.807599e-02 1.885952e-01 2.870423e-01 0.000000e+00
0.000000e+00 0.000000e+00 1.759850e-01 3.017397e-01 2.475853e-01 1.741482e-04 1.834440e-02 2.732475e-03 4.109412e-03 2.866233e-02 0.000000e+00
0.000000e+00 0.000000e+00 2.600306e-01 2.682820e-01 2.016866e-01 6.164222e-02 7.743377e-02 2.724346e-02 0.000000e+00 2.342650e-02 0.000000e+00
0.000000e+00 0.000000e+00 9.456120e-02 2.204927e-01 1.963480e-02 0.000000e+00 5.507616e-02 0.000000e+00 1.205313e-02 3.669583e-02 0.000000e+00
0.000000e+00 0.000000e+00 1.686832e-01 1.135108e-01 1.200538e-02 8.259072e-03 1.866547e-02 0.000000e+00 1.499315e-02 3.041459e-02 2.191361e-02
0.000000e+00 0.000000e+00 4.722583e-02 0.000000e+00 3.654196e-02 4.637705e-02 0.000000e+00 0.000000e+00 1.825298e-01 5.136453e-04 0.000000e+00
0.000000e+00 0.000000e+00 8.193171e-02 3.165443e-01 2.512344e-02 0.000000e+00 0.000000e+00 1.815961e-02 1.077579e-02 0.000000e+00 0.000000e+00
0.000000e+00 0.000000e+00 1.234696e-01 1.307747e-01 9.578040e-02 9.374951e-03 1.034757e-02 8.019621e-03 1.735746e-02 0.000000e+00 1.343620e-02
0.000000e+00 0.000000e+00 1.383383e-01 1.724119e-01 1.224304e-01 1.149377e-01 1.029158e-01 1.967262e-01 9.343877e-02 1.362148e-01 1.144774e-01
0.000000e+00 0.000000e+00 1.939069e-02 0.000000e+00 0.000000e+00 9.954393e-02 2.174756e-02 3.278196e-02 0.000000e+00 2.466070e-02 1.990673e-02
0.000000e+00 0.000000e+00 4.315518e-02 1.530047e-02 0.000000e+00 0.000000e+00 1.356738e-02 4.117429e-04 3.267823e-02 1.084422e-03 0.000000e+00
0.000000e+00 0.000000e+00 3.492355e-02 0.000000e+00 2.180782e-02 6.786805e-02 5.746527e-02 5.191004e-02 1.256145e-02 9.644457e-04 5.438649e-03
0.000000e+00 0.000000e+00 1.343553e-02 0.000000e+00 0.000000e+00 4.390767e-02 0.000000e+00 6.503398e-02 9.924251e-02 2.494161e-01 1.219119e-01
0.000000e+00 0.000000e+00 0.000000e+00 0.000000e+00 0.000000e+00 0.000000e+00 0.000000e+00 6.954914e-03 2.608471e-01 2.918694e-01 6.567669e-02
0.000000e+00 0.000000e+00 8.550109e-02 3.057394e-01 1.015068e-01 2.664482e-01 2.661671e-02 3.678774e-02 0.000000e+00 0.000000e+00 0.000000e+00
0.000000e+00 0.000000e+00 2.032163e-02 0.000000e+00 6.792157e-03 0.000000e+00 0.000000e+00 2.011503e-02 1.195362e-01 3.013539e-01 1.887071e-01
0.000000e+00 0.000000e+00 4.941571e-02 1.609947e-02 1.810727e-03 1.238337e-02 1.302582e-02 0.000000e+00 1.140575e-01 2.990471e-01 7.477579e-02
0.000000e+00 0.000000e+00 0.000000e+00 0.000000e+00 0.000000e+00 0.000000e+00 0.000000e+00 0.000000e+00 2.716604e-02 1.019026e-01 4.137149e-01
0.000000e+00 0.000000e+00 1.266247e-02 0.000000e+00 3.087114e-03 2.155644e-02 0.000000e+00 0.000000e+00 3.678434e-02 4.162682e-02 2.243584e-01
0.000000e+00 0.000000e+00 0.000000e+00 0.000000e+00 1.609524e-01 4.015921e-02 0.000000e+00 0.000000e+00 1.391744e-01 0.000000e+00 1.813761e-01
0.000000e+00 0.000000e+00 3.605203e-04 2.178622e-03 1.083373e-03 1.372915e-02 2.345053e-02 1.167608e-01 2.545973e-01 2.866472e-01 2.395289e-02
0.000000e+00 0.000000e+00 5.592136e-03 2.438386e-02 0.000000e+00 1.273873e-02 4.156918e-02 1.341213e-01 3.217285e-01 2.629803e-01 5.454444e-02
0.000000e+00 0.000000e+00 0.000000e+00 1.117281e-02 4.551189e-02 3.634325e-02 1.129659e-01 3.283768e-01 1.921422e-01 1.822160e-01 3.663422e-02
0.000000e+00 0.000000e+00 7.163594e-02 2.313117e-01 2.994403e-01 2.549477e-02 1.047217e-01 1.781393e-01 8.414462e-02 1.931100e-04 0.000000e+00
0.000000e+00 0.000000e+00 1.750779e-01 2.721233e-01 9.702509e-02 0.000000e+00 0.000000e+00 0.000000e+00 0.000000e+00 1.056331e-02 0.000000e+00
0.000000e+00 0.000000e+00 4.136787e-02 0.000000e+00 1.757573e-03 7.484287e-02 8.740175e-03 3.108994e-02 0.000000e+00 0.000000e+00 3.291884e-01
0.000000e+00 0.000000e+00 3.175186e-03 0.000000e+00 2.456338e-02 0.000000e+00 3.083516e-03 8.827430e-02 2.031821e-01 3.481978e-01 1.183437e-01
0.000000e+00 0.000000e+00 5.505624e-02 1.119838e-01 0.000000e+00 2.122729e-02 4.100974e-02 2.901931e-02 1.170536e-01 2.727333e-02 6.817580e-02
0.000000e+00 0.000000e+00 7.298788e-02 2.702445e-02 8.551513e-04 0.000000e+00 1.562138e-02 2.510220e-03 1.555992e-01 1.344604e-01 2.245833e-01
0.000000e+00 0.000000e+00 2.642395e-02 3.661263e-02 7.520655e-03 1.370624e-02 1.350919e-01 0.000000e+00 5.523509e-02 0.000000e+00 3.916033e-02
0.000000e+00 0.000000e+00 8.048885e-03 0.000000e+00 0.000000e+00 2.357082e-02 9.201694e-03 3.292698e-02 1.524194e-01 1.601519e-01 1.293850e-01
0.000000e+00 0.000000e+00 0.000000e+00 1.340390e-02 1.420181e-02 3.255915e-02 1.224479e-01 2.065011e-01 2.305539e-01 2.463003e-01 1.067949e-01
0.000000e+00 0.000000e+00 0.000000e+00 0.000000e+00 0.000000e+00 6.347500e-03 5.102244e-02 0.000000e+00 1.710636e-01 2.869961e-01 5.165074e-02
0.000000e+00 0.000000e+00 1.068506e-02 2.093106e-02 0.000000e+00 0.000000e+00 6.522135e-03 2.283369e-02 2.565568e-01 3.539290e-01 6.155812e-02
0.000000e+00 0.000000e+00 0.000000e+00 0.000000e+00 7.168630e-03 4.010413e-02 5.717433e-02 4.520082e-02 1.719353e-01 1.425778e-01 7.999978e-02
0.000000e+00 0.000000e+00 0.000000e+00 0.000000e+00 0.000000e+00 1.431002e-02 7.032517e-02 7.048226e-02 2.807625e-01 2.297853e-01 1.101268e-01
0.000000e+00 0.000000e+00 0.000000e+00 3.170627e-02 1.820065e-02 1.492526e-02 0.000000e+00 0.000000e+00 3.147570e-01 1.843659e-01 3.053164e-02
0.000000e+00 0.000000e+00 1.395845e-02 7.965873e-03 2.795731e-02 8.597883e-02 7.657740e-02 7.992127e-02 3.106339e-01 1.427537e-01 6.661430e-02
0.000000e+00 0.000000e+00 5.356051e-02 0.000000e+00 8.633196e-02 1.657299e-01 2.590170e-01 2.160019e-01 0.000000e+00 0.000000e+00 0.000000e+00
0.000000e+00 0.000000e+00 1.414783e-02 4.156390e-02 3.465368e-02 7.050546e-02 1.896408e-01 1.713660e-01 2.374929e-01 1.608656e-01 1.430908e-01
0.000000e+00 0.000000e+00 1.335019e-02 4.322140e-02 0.000000e+00 0.000000e+00 0.000000e+00 1.623951e-01 3.155024e-01 2.109117e-01 6.064614e-02
0.000000e+00 0.000000e+00 3.757446e-03 0.000000e+00 2.259889e-02 0.000000e+00 5.472351e-03 1.047879e-01 1.545150e-01 2.784622e-01 3.798870e-02
0.000000e+00 0.000000e+00 8.491391e-03 8.560094e-02 8.693753e-02 1.977970e-01 2.312681e-01 2.029504e-01 1.854805e-01 8.458626e-02 3.432203e-02
0.000000e+00 0.000000e+00 1.408049e-02 1.530678e-01 4.850985e-02 1.280978e-01 2.185758e-01 1.275573e-01 1.454379e-01 1.687151e-01 5.531518e-02
0.000000e+00 0.000000e+00 9.631996e-03 1.077864e-01 6.230079e-02 2.175962e-01 1.776918e-01 8.934402e-02 1.132613e-01 6.751618e-02 1.325244e-01
0.000000e+00 0.000000e+00 1.394480e-01 3.101637e-01 1.896941e-01 9.933420e-02 1.080938e-01 4.594322e-02 6.400893e-02 1.700234e-02 3.131403e-02
0.000000e+00 0.000000e+00 1.379186e-01 5.146806e-02 1.029836e-01 1.172122e-01 2.460027e-02 1.818304e-01 3.416698e-01 4.962837e-02 0.000000e+00
0.000000e+00 0.000000e+00 6.247143e-02 3.757882e-01 1.276389e-01 1.742822e-01 2.357350e-02 9.421873e-03 0.000000e+00 7.959039e-04 1.632598e-03
0.000000e+00 0.000000e+00 1.102317e-01 1.445788e-01 1.198091e-02 0.000000e+00 2.257819e-03 1.187246e-02 3.078975e-02 9.034412e-02 0.000000e+00
0.000000e+00 0.000000e+00 1.320488e-01 1.970459e-01 1.187792e-01 8.654719e-02 1.574925e-01 7.892008e-02 1.532802e-01 7.585795e-02 4.235451e-02
0.000000e+00 0.000000e+00 0.000000e+00 0.000000e+00 1.519657e-02 2.736115e-02 5.713116e-03 1.851814e-02 2.632947e-02 0.000000e+00 1.904103e-02
0.000000e+00 0.000000e+00 1.739065e-01 0.000000e+00 0.000000e+00 4.840714e-02 1.698019e-01 3.997301e-02 0.000000e+00 8.014721e-02 0.000000e+00
0.000000e+00 0.000000e+00 4.639023e-03 0.000000e+00 5.379118e-02 6.588870e-02 1.267479e-01 2.004600e-01 2.950320e-01 1.864701e-01 4.427282e-02
0.000000e+00 0.000000e+00 0.000000e+00 0.000000e+00 0.000000e+00 9.551883e-03 5.839103e-04 0.000000e+00 9.551652e-02 1.530785e-01 3.139006e-01
0.000000e+00 0.000000e+00 8.977053e-02 0.000000e+00 6.774592e-02 0.000000e+00 2.064833e-01 0.000000e+00 7.843328e-02 1.554584e-01 0.000000e+00
0.000000e+00 0.000000e+00 0.000000e+00 1.697056e-02 1.325793e-02 0.000000e+00 3.107624e-02 2.138344e-02 2.212175e-01 3.284414e-01 7.976657e-02
0.000000e+00 0.000000e+00 1.528198e-02 1.419137e-02 6.602592e-03 3.795047e-02 2.947988e-02 5.591461e-02 2.217923e-01 2.683926e-01 1.675480e-01
0.000000e+00 0.000000e+00 1.235837e-02 8.239518e-02 4.327340e-02 1.682444e-01 2.019673e-01 1.973429e-01 2.250202e-01 1.078545e-01 0.000000e+00
0.000000e+00 0.000000e+00 1.575802e-02 0.000000e+00 0.000000e+00 3.980214e-02 2.680700e-02 2.977236e-02 2.627175e-02 0.000000e+00 8.188034e-03
0.000000e+00 0.000000e+00 0.000000e+00 0.000000e+00 0.000000e+00 6.404708e-02 0.000000e+00 4.042514e-02 1.710804e-02 1.857236e-02 2.277472e-02
0.000000e+00 0.000000e+00 6.032712e-03 0.000000e+00 0.000000e+00 1.264239e-02 0.000000e+00 5.600206e-02 6.530285e-02 2.935669e-01 1.171152e-01
0.000000e+00 0.000000e+00 6.091095e-03 0.000000e+00 0.000000e+00 9.954145e-02 0.000000e+00 0.000000e+00 1.245967e-01 2.742647e-01 2.592752e-01
0.000000e+00 0.000000e+00 9.793833e-03 1.735551e-02 1.077918e-02 5.461402e-03 3.223420e-02 8.138976e-02 2.728808e-01 2.050959e-01 1.670970e-01
0.000000e+00 0.000000e+00 1.676504e-02 1.115944e-02 1.500841e-02 0.000000e+00 8.511531e-03 3.959216e-02 1.463079e-01 2.526282e-01 2.942633e-01
0.000000e+00 0.000000e+00 0.000000e+00 0.000000e+00 0.000000e+00 1.634355e-02 1.729146e-02 1.392421e-02 3.945740e-01 1.992760e-01 3.093104e-02
0.000000e+00 0.000000e+00 9.306544e-02 4.769917e-02 3.323068e-01 7.426132e-02 1.445119e-01 1.367905e-01 6.397544e-02 1.125486e-01 3.003601e-02
0.000000e+00 0.000000e+00 2.481642e-02 2.557822e-03 4.431326e-03 7.069909e-02 4.609492e-02 8.026014e-02 1.049565e-01 7.612387e-02 2.754365e-01
0.000000e+00 0.000000e+00 9.093947e-03 1.165257e-02 7.758055e-02 7.987847e-02 2.105267e-01 2.184875e-01 2.300182e-01 6.082869e-02 0.000000e+00
0.000000e+00 0.000000e+00 2.469824e-02 4.016238e-02 6.026279e-02 2.245796e-01 9.587465e-02 8.247494e-02 2.021410e-01 1.356631e-01 2.497819e-02
0.000000e+00 0.000000e+00 0.000000e+00 0.000000e+00 0.000000e+00 4.265295e-02 1.038026e-01 0.000000e+00 0.000000e+00 0.000000e+00 2.572584e-02
0.000000e+00 0.000000e+00 4.290505e-02 2.570156e-02 6.937832e-03 0.000000e+00 1.577594e-01 1.137782e-02 5.956617e-02 1.448035e-01 1.669877e-01
0.000000e+00 0.000000e+00 6.120081e-02 1.779220e-01 4.934226e-02 1.837357e-01 2.059567e-01 0.000000e+00 8.458181e-02 0.000000e+00 0.000000e+00
0.000000e+00 0.000000e+00 3.573371e-02 1.169347e-01 1.593608e-01 1.304480e-01 2.616651e-01 2.246881e-01 1.067364e-01 2.759784e-02 0.000000e+00
0.000000e+00 0.000000e+00 9.817425e-02 2.346426e-01 1.807963e-01 1.686487e-01 1.281032e-01 1.440172e-01 7.530686e-02 4.439334e-02 4.044221e-02
0.000000e+00 0.000000e+00 4.203400e-02 2.659681e-01 7.048455e-02 0.000000e+00 3.447256e-02 0.000000e+00 5.795807e-03 2.177542e-02 0.000000e+00
0.000000e+00 0.000000e+00 1.596777e-03 1.805031e-01 4.769352e-02 6.192969e-02 0.000000e+00 0.000000e+00 0.000000e+00 2.385349e-01 0.000000e+00
0.000000e+00 0.000000e+00 6.347835e-02 0.000000e+00 0.000000e+00 0.000000e+00 2.923921e-02 0.000000e+00 1.603353e-01 1.136352e-01 8.361047e-02
0.000000e+00 0.000000e+00 1.377151e-02 1.101800e-02 8.916807e-03 5.238165e-03 5.169850e-02 2.445638e-01 1.826786e-01 2.194122e-01 8.955088e-02
0.000000e+00 0.000000e+00 0.000000e+00 0.000000e+00 0.000000e+00 0.000000e+00 0.000000e+00 0.000000e+00 0.000000e+00 1.092033e-02 4.444740e-01
0.000000e+00 0.000000e+00 0.000000e+00 0.000000e+00 0.000000e+00 5.344280e-02 1.116257e-02 1.550690e-02 1.425441e-02 1.370965e-02 4.898408e-02
0.000000e+00 0.000000e+00 5.317927e-03 2.388099e-02 4.034056e-03 3.286654e-02 2.019421e-02 4.836013e-02 2.536043e-01 3.115182e-01 1.094070e-01
0.000000e+00 0.000000e+00 0.000000e+00 0.000000e+00 0.000000e+00 0.000000e+00 4.690612e-02 1.267387e-01 1.408897e-01 1.265095e-01 4.045504e-02
0.000000e+00 0.000000e+00 3.670151e-02 3.858306e-02 0.000000e+00 2.906726e-01 1.736691e-02 1.175133e-01 8.987577e-03 1.040431e-01 1.317341e-01
0.000000e+00 0.000000e+00 0.000000e+00 0.000000e+00 4.352450e-03 3.707992e-02 4.864270e-03 2.233457e-01 3.321106e-01 9.276950e-02 7.552140e-03
0.000000e+00 0.000000e+00 2.895848e-03 5.041169e-02 2.846155e-02 3.848149e-01 1.060638e-01 1.591704e-01 6.442327e-02 7.458788e-02 9.215773e-03
0.000000e+00 0.000000e+00 0.000000e+00 0.000000e+00 8.592419e-02 1.606353e-01 2.720459e-01 7.815646e-02 1.126446e-01 8.617432e-03 3.281010e-02
0.000000e+00 0.000000e+00 0.000000e+00 4.512690e-02 2.991321e-02 1.607772e-01 1.911384e-01 1.777621e-01 2.281027e-01 1.465366e-01 3.962027e-02
0.000000e+00 0.000000e+00 0.000000e+00 9.952343e-03 0.000000e+00 1.882204e-02 6.118309e-02 8.661263e-02 3.482937e-01 1.195374e-01 5.225028e-02
0.000000e+00 0.000000e+00 2.874551e-02 6.019175e-02 3.102613e-01 0.000000e+00 1.479062e-01 1.272408e-01 8.652761e-02 1.929274e-01 0.000000e+00
0.000000e+00 0.000000e+00 4.905710e-02 3.212649e-01 8.798518e-02 2.133874e-01 7.869132e-02 7.281825e-02 1.856654e-02 0.000000e+00 0.000000e+00
0.000000e+00 0.000000e+00 3.555012e-02 1.331523e-01 9.653114e-02 2.112264e-01 1.343140e-01 3.489559e-02 1.133769e-01 1.037465e-01 1.731952e-02
0.000000e+00 0.000000e+00 2.819473e-02 1.315375e-01 1.077660e-01 1.839457e-01 1.624861e-01 1.004662e-01 2.069940e-01 1.424411e-01 1.037095e-01
0.000000e+00 0.000000e+00 8.993965e-02 2.730003e-01 9.121922e-02 2.599663e-01 6.993807e-02 4.363897e-02 0.000000e+00 3.931309e-03 1.634067e-02
0.000000e+00 0.000000e+00 2.872555e-01 1.043209e-01 1.160134e-01 8.215165e-02 1.513279e-02 3.332370e-02 0.000000e+00 3.740874e-02 0.000000e+00
0.000000e+00 0.000000e+00 1.521644e-01 3.720678e-01 4.331490e-02 0.000000e+00 0.000000e+00 1.120032e-02 0.000000e+00 3.855095e-02 9.434264e-03
0.000000e+00 0.000000e+00 1.290632e-01 3.488846e-02 7.996342e-02 0.000000e+00 6.592801e-02 1.800946e-02 2.062613e-02 4.366343e-02 0.000000e+00
0.000000e+00 0.000000e+00 0.000000e+00 1.219715e-01 0.000000e+00 0.000000e+00 6.740776e-02 0.000000e+00 0.000000e+00 2.411552e-01 1.620410e-01
0.000000e+00 0.000000e+00 7.376593e-02 8.305277e-02 4.507795e-02 0.000000e+00 1.912370e-02 1.398078e-02 1.290971e-02 0.000000e+00 1.366667e-02
0.000000e+00 0.000000e+00 6.748800e-02 1.092331e-01 1.554543e-02 0.000000e+00 0.000000e+00 0.000000e+00 0.000000e+00 4.560942e-02 0.000000e+00
0.000000e+00 0.000000e+00 3.830388e-02 1.378573e-01 3.854570e-02 0.000000e+00 0.000000e+00 1.331440e-02 8.320064e-02 2.361032e-02 1.340817e-02
0.000000e+00 0.000000e+00 3.455135e-02 7.649740e-02 1.316041e-02 1.280572e-02 0.000000e+00 0.000000e+00 2.488507e-02 1.462690e-02 8.494809e-03
0.000000e+00 0.000000e+00 1.014616e-02 1.137386e-02 0.000000e+00 6.710967e-02 6.369470e-02 3.004580e-02 8.008583e-02 1.567299e-02 5.430405e-02
0.000000e+00 0.000000e+00 0.000000e+00 2.113153e-02 0.000000e+00 4.897483e-02 0.000000e+00 0.000000e+00 1.332237e-01 2.006738e-01 2.139395e-01
0.000000e+00 0.000000e+00 2.900026e-02 0.000000e+00 0.000000e+00 5.455380e-02 0.000000e+00 8.863013e-05 3.331424e-02 0.000000e+00 3.690900e-02
0.000000e+00 0.000000e+00 1.152947e-02 3.972735e-03 1.661755e-02 1.162959e-01 0.000000e+00 2.858765e-02 2.144466e-02 3.114687e-03 3.603308e-02
0.000000e+00 0.000000e+00 2.488336e-02 2.579597e-02 1.214486e-02 0.000000e+00 7.459926e-03 3.405844e-02 1.066632e-01 1.009171e-01 2.056395e-01
0.000000e+00 0.000000e+00 7.739352e-02 0.000000e+00 1.142571e-02 8.141148e-02 8.242031e-02 4.134364e-02 0.000000e+00 1.232604e-01 1.075567e-01
0.000000e+00 0.000000e+00 4.424930e-02 2.806608e-01 2.231052e-01 1.366192e-01 8.738005e-02 6.213214e-02 4.077303e-02 0.000000e+00 3.715451e-03
0.000000e+00 0.000000e+00 1.726894e-01 3.797611e-01 7.837508e-02 2.140146e-02 2.308600e-02 2.412146e-02 2.390140e-02 0.000000e+00 4.738483e-02
0.000000e+00 0.000000e+00 1.721018e-01 3.298632e-01 9.514248e-02 5.205729e-03 1.094394e-02 1.983422e-02 1.951819e-03 2.459573e-02 0.000000e+00
0.000000e+00 0.000000e+00 8.451599e-02 2.145390e-01 6.491513e-02 0.000000e+00 3.216564e-02 0.000000e+00 2.861864e-02 2.842649e-02 0.000000e+00
0.000000e+00 0.000000e+00 2.738840e-02 5.288082e-02 7.798297e-03 2.457107e-02 0.000000e+00 4.241926e-03 2.675605e-02 2.364280e-02 7.173154e-02
0.000000e+00 0.000000e+00 0.000000e+00 9.130979e-02 1.222321e-02 0.000000e+00 0.000000e+00 3.150406e-02 5.584087e-02 1.334122e-01 2.219774e-03
0.000000e+00 0.000000e+00 1.172843e-01 5.789124e-02 0.000000e+00 1.422123e-01 1.518691e-01 0.000000e+00 0.000000e+00 1.380483e-01 0.000000e+00
0.000000e+00 0.000000e+00 0.000000e+00 8.878614e-02 9.612592e-02 2.496196e-01 6.708038e-02 4.666445e-02 1.752427e-01 6.959108e-02 1.481671e-03
0.000000e+00 0.000000e+00 2.092975e-03 9.039808e-02 6.638836e-03 3.345827e-02 3.405116e-02 1.468055e-02 1.785659e-02 4.014891e-02 1.040730e-02
0.000000e+00 0.000000e+00 4.779477e-02 3.374132e-02 0.000000e+00 9.310832e-02 1.551595e-02 4.427670e-02 0.000000e+00 1.793212e-02 4.311602e-02
0.000000e+00 0.000000e+00 4.299303e-03 0.000000e+00 0.000000e+00 1.059948e-02 1.138750e-02 5.819084e-02 3.324168e-01 2.704113e-01 2.372032e-02
0.000000e+00 0.000000e+00 0.000000e+00 3.733772e-03 9.040439e-02 0.000000e+00 1.019893e-01 1.659912e-01 1.369263e-01 1.803219e-01 0.000000e+00
0.000000e+00 0.000000e+00 1.049471e-01 2.062882e-01 1.848026e-01 3.044062e-01 5.906301e-02 0.000000e+00 0.000000e+00 0.000000e+00 2.390629e-03
